binary

ship2
[00000000]=  0 [00000000]=  0 	[00000000]=  0 [00000000]=  0
[00000000]=  0 [00000000]=  0 	[00000000]=  0 [00000000]=  0
[00000000]=  0 [11111101]=253 	[11110100]=244 [00000000]=  0
[00000011]=  3 [11111000]=248 	[00000000]=  0 [00000000]=  0
[00000000]=  0 [00000000]=  0 	[00000000]=  0 [00000000]=  0
[00000000]=  0 [11110000]=240 	[00111001]= 57 [00000000]=  0
[00001011]= 11 [10110111]=183 	[01101010]=106 [10000000]=128
[00001011]= 11 [11110111]=247 	[01111001]=121 [01000000]= 64

PUBLIC _ship02		;;front of ship
_ship02:
	ship2 data
	DEFB	0,  0,  0,  0,  0,  0,  0,  0
	DEFB	0,253,244,  0,  1,248,  0,  0
	DEFB	2,  0,  0,  0,  0,240, 57,  0
	DEFB	11,183,106,128, 11,247,121, 64
	
	ship1 data
	DEFB	11,176, 12, 16,  0,245,239,240
	DEFB	2,  0,  7,224,  1,248,  0,  0
	DEFB	0,253,244,  0,  0,  0,  0,  0
	DEFB	0,  0,  0,  0,  0,  0,  0,  0
	

ship1
[00001011]= 11 [10110000]=176 	[00001100]= 12 [00010000]= 16
[00000000]=  0 [11110101]=245 	[11101111]=239 [11110000]=240
[00000000]=  0 [00000000]=  0 	[00000111]=  7 [11100000]=224
[00000011]=  3 [11111000]=248 	[00000000]=  0 [00000000]=  0
[00000000]=  0 [11111101]=253 	[11110100]=244 [00000000]=  0
[00000000]=  0 [00000000]=  0 	[00000000]=  0 [00000000]=  0
[00000000]=  0 [00000000]=  0 	[00000000]=  0 [00000000]=  0
[00000000]=  0 [00000000]=  0 	[00000000]=  0 [00000000]=  0

PUBLIC _ship01		;;back of ship
_ship01:

is this the mask???
	DEFB	255,255,  0,  0,254,  0,  0,  0
	DEFB	248,  0,  0,253,248,  0,  3,248
	DEFB	248,  0,  0,  0,224,  0,  0,240		
	DEFB	224,  0, 11,183,224,  0, 11,247
	
	DEFB	224,  0, 11,176,224,  0,  0,245
	DEFB	248,  0,  0,  0,248,  0,  3,248
	DEFB	248,  0,  0,253,254,  0,  0,  0
	DEFB	255,255,  0,  0,255,255,  0,  0

















PUBLIC _ship01		;;back of ship
_ship01:
	DEFB	255,255,  0,  0,254,  0,  0,  0
	DEFB	248,  0,  0,253,248,  0,  3,248
	DEFB	248,  0,  0,  0,224,  0,  0,240		
	DEFB	224,  0, 11,183,224,  0, 11,247
	DEFB	224,  0, 11,176,224,  0,  0,245
	DEFB	248,  0,  0,  0,248,  0,  3,248
	DEFB	248,  0,  0,253,254,  0,  0,  0
	DEFB	255,255,  0,  0,255,255,  0,  0

PUBLIC _ship02		;;front of ship
_ship02:
	DEFB	0,  0,  0,  0,  0,  0,  0,  0
	DEFB	0,253,244,  0,  1,248,  0,  0
	DEFB	2,  0,  0,  0,  0,240, 57,  0
	DEFB	11,183,106,128, 11,247,121, 64
	DEFB	11,176, 12, 16,  0,245,239,240
	DEFB	2,  0,  7,224,  1,248,  0,  0
	DEFB	0,253,244,  0,  0,  0,  0,  0
	DEFB	0,  0,  0,  0,  0,  0,  0,  0